1	84,21|22,39|79,33|44,1|58,37|54,22|20,31|60,1|59,22|81,9|9,5|80,49|30,32|94,26|
2	100,6|77,24|82,3|39,37|94,43|22,33|14,5|70,36|78,22|29,38|4,43|23,14|56,10|
3	54,17|18,20|48,21|51,14|
4	40,22|41,43|43,6|71,30|13,9|20,35|89,28|9,2|36,42|
5	96,1|29,5|46,7|85,10|69,4|80,7|98,40|36,7|
6	76,35|39,39|90,40|
7	69,20|37,22|1,45|85,1|44,10|65,37|46,33|12,36|
8	43,8|12,14|93,35|96,27|13,15|
9	55,23|1,22|24,47|79,35|26,23|74,16|69,18|19,15|92,21|25,8|87,22|76,49|89,31|12,38|
10	60,44|48,31|
11	66,46|83,49|68,42|9,42|53,35|87,35|96,46|39,3|
12	33,2|
13	53,30|63,9|98,32|56,34|37,43|65,26|90,10|62,25|19,20|85,44|21,26|
14	5,17|27,46|58,40|34,41|17,40|53,4|9,25|8,22|43,11|52,33|92,15|
15	75,32|65,4|16,48|97,18|47,1|50,12|4,47|
16	23,17|30,47|19,34|
17	22,17|82,8|81,19|26,24|84,7|52,18|37,21|95,40|64,29|33,43|10,31|87,7|79,6|60,45|1,33|99,7|
18	89,22|58,21|16,29|69,15|
19	66,32|74,47|93,14|3,10|97,24|28,7|32,40|29,18|
20	91,18|33,30|16,17|34,49|58,27|69,41|
21	25,27|9,2|17,1|
22	99,8|88,47|64,10|56,13|98,31|27,47|57,23|94,45|54,21|49,35|20,21|
23	52,13|6,34|97,8|61,22|74,10|71,18|
24	21,30|9,44|99,27|50,25|26,16|78,29|52,36|
25	55,25|90,12|69,44|20,31|28,49|
26	88,29|15,39|38,41|50,1|
27	6,5|
28	83,32|90,39|63,36|47,12|65,10|
29	87,20|1,24|93,26|27,19|46,13|30,47|56,25|24,14|78,12|
30	91,32|
31	19,36|54,42|44,49|61,43|26,28|12,46|83,11|60,4|43,16|50,36|53,40|15,13|35,28|
32	64,27|50,27|56,13|44,22|29,22|17,2|5,10|21,5|12,2|45,14|7,1|31,33|90,14|73,46|
33	82,26|4,43|78,42|13,41|61,3|16,12|49,15|51,43|91,49|
34	82,29|6,10|5,48|57,4|
35	53,19|58,22|76,10|69,9|95,43|42,24|48,47|
36	96,20|88,2|78,48|41,47|42,34|56,13|68,13|14,16|82,36|
37	6,5|20,25|73,38|81,36|
38	83,1|46,26|73,34|41,14|70,35|34,32|74,25|17,40|23,39|
39	58,30|85,21|84,4|87,19|73,3|25,35|43,27|91,42|
40	99,14|59,34|7,16|52,14|27,21|81,45|87,30|
41	67,30|3,12|97,26|66,9|42,36|9,47|62,47|80,26|27,44|58,41|51,47|61,16|28,16|
42	36,25|87,3|71,4|
43	25,1|91,29|62,24|67,1|12,44|87,15|98,26|61,14|64,32|21,26|78,13|53,3|52,4|99,14|84,4|
44	66,10|91,8|77,31|46,22|50,46|6,6|59,27|58,32|32,22|98,39|27,5|45,9|43,7|100,10|
45	89,1|70,2|36,45|66,15|92,18|95,7|61,10|26,21|56,41|32,39|43,48|94,23|22,11|51,3|54,11|29,15|
46	42,23|96,31|58,6|59,21|33,44|82,1|84,46|87,25|43,5|36,38|1,4|40,33|11,19|83,13|95,6|67,22|77,47|53,27|
47	97,1|4,38|40,21|1,33|59,44|31,21|
48	61,15|32,8|80,10|55,21|82,40|1,49|20,2|98,1|29,5|95,28|94,3|22,21|60,36|66,3|78,9|
49	98,29|42,46|7,35|47,40|79,10|34,4|3,30|71,31|80,41|
50	57,36|89,9|46,36|1,11|
51	79,40|64,38|8,36|13,31|87,41|94,21|89,2|18,7|49,33|91,33|
52	55,40|7,14|10,32|100,32|53,11|9,5|15,33|45,15|17,8|
53	9,25|83,48|17,17|
54	23,11|24,45|53,24|38,38|37,45|5,6|84,31|21,46|
55	16,47|49,40|85,34|67,7|
56	61,36|71,17|49,30|57,14|8,18|
57	31,22|66,36|83,43|18,36|17,30|
58	61,33|35,48|1,33|63,25|39,29|55,20|7,19|62,3|70,4|100,45|99,43|8,5|21,21|24,30|47,31|20,45|45,8|14,44|25,18|44,9|
59	27,39|48,18|34,30|54,1|85,44|35,37|74,49|
60	42,43|66,39|1,5|98,10|
61	51,49|82,36|46,11|94,1|79,9|8,48|49,15|86,28|18,11|39,10|87,39|
62	76,13|21,45|19,49|91,42|97,7|43,27|93,20|94,16|64,7|73,33|27,45|3,33|
63	21,48|54,35|7,22|85,42|84,8|80,39|37,3|20,13|82,25|
64	29,16|59,7|67,37|1,4|53,9|10,17|98,18|78,39|100,3|60,43|30,2|45,11|50,24|
65	55,7|90,26|7,3|
66	24,2|17,44|95,40|89,23|86,48|73,25|71,41|
67	53,33|11,17|94,30|27,44|
68	80,43|20,38|42,26|33,45|8,27|53,16|28,40|43,39|87,23|
69	70,27|11,22|57,48|23,29|89,4|91,1|60,19|
70	83,4|
71	58,12|88,30|1,46|22,39|85,9|45,13|79,35|62,4|86,8|53,33|80,12|84,27|93,20|81,47|
72	43,46|50,40|10,11|6,37|68,6|98,35|63,33|16,34|44,1|62,19|77,6|25,32|36,18|57,12|3,2|
73	17,25|18,13|3,17|71,36|61,45|47,26|25,5|95,39|92,1|
74	99,29|36,18|86,30|33,37|11,3|42,22|84,10|89,33|73,36|10,12|16,36|95,49|
75	68,40|72,31|77,9|
76	21,21|
77	38,41|31,20|7,32|95,37|92,15|47,24|54,5|59,18|96,9|86,38|
78	5,31|83,8|74,3|17,20|22,6|86,33|82,39|59,12|34,47|6,27|90,30|81,3|23,13|13,7|
79	12,12|58,49|20,37|74,38|52,1|92,45|98,14|18,35|59,12|29,19|22,34|7,18|70,43|
80	72,17|42,28|48,6|69,4|8,30|28,15|
81	4,2|67,38|
82	65,13|25,47|66,45|77,23|28,47|55,15|1,3|2,9|67,11|94,39|3,40|46,45|27,27|
83	95,31|66,36|20,18|64,3|37,11|28,18|65,46|68,35|93,43|71,18|29,32|26,19|100,39|47,5|
84	51,29|12,3|3,15|33,25|73,42|37,7|57,37|76,5|74,1|18,7|96,36|49,6|
85	5,20|42,39|27,31|24,43|82,27|3,42|4,44|
86	19,14|16,25|78,33|9,40|7,30|28,29|1,35|37,31|
87	17,20|70,3|64,17|19,2|97,44|16,11|96,4|50,26|73,7|4,36|80,45|95,31|32,33|72,20|23,46|74,12|94,10|39,45|90,48|71,18|
88	57,25|26,36|1,38|74,43|32,31|84,1|5,32|52,21|35,28|94,9|28,29|81,42|29,21|16,38|71,14|85,17|12,32|79,20|76,4|39,25|31,14|
89	41,31|21,45|76,35|100,8|79,3|78,2|98,28|57,36|77,5|75,1|61,20|22,47|85,7|
90	20,22|4,5|81,32|51,41|3,39|
91	6,13|62,30|89,28|17,47|83,18|30,32|
92	73,47|43,44|51,9|21,2|15,34|84,2|56,33|
93	7,48|
94	28,11|55,32|42,18|3,46|11,40|8,7|
95	53,34|3,28|1,33|77,4|2,12|82,27|6,11|21,48|36,27|7,40|98,49|30,47|100,31|31,33|57,1|16,42|28,1|
96	9,16|39,1|6,4|86,15|50,1|10,19|71,26|100,19|97,43|51,27|59,24|70,23|69,12|48,31|88,44|28,7|
97	100,27|32,35|31,23|57,26|
98	14,34|33,20|85,49|93,46|2,44|17,16|43,25|66,21|95,9|83,15|
99	50,15|17,37|28,4|87,41|58,32|30,24|75,12|
100	40,43|89,19|43,21|54,44|26,31|
