1	25,17|38,45|30,48|16,30|19,30|58,40|81,6|29,1|56,42|
2	25,24|44,48|6,47|24,26|
3	48,19|81,28|63,30|
4	31,47|1,10|13,2|
5	32,1|76,26|26,5|94,4|81,8|78,35|71,40|56,17|38,46|
6	85,9|91,7|81,48|2,38|31,47|53,20|
7	1,3|22,31|67,33|5,43|
8	92,26|30,8|48,23|
9	56,45|40,27|16,16|95,25|86,33|90,13|94,5|63,25|
10	15,48|1,12|100,6|7,1|6,23|55,8|22,14|
11	43,43|58,42|12,10|
12	93,5|18,19|24,45|2,30|14,8|
13	59,47|65,8|83,44|90,4|60,20|43,47|88,16|64,24|72,17|98,23|23,5|
14	27,14|11,34|4,13|32,33|87,45|35,17|42,36|38,4|34,11|28,38|76,39|
15	84,15|46,4|47,22|7,44|28,27|9,1|75,7|
16	9,14|21,30|60,7|99,28|81,46|100,1|11,7|29,36|41,45|95,21|
17	52,24|
18	10,15|45,14|90,32|86,28|24,48|98,29|96,2|
19	49,28|58,38|45,28|17,33|62,21|10,48|72,9|35,23|
20	69,9|17,4|8,21|4,25|48,19|27,33|
21	17,11|44,7|97,6|70,30|11,36|22,23|
22	52,34|8,34|68,13|27,26|83,6|
23	96,8|81,46|71,31|
24	86,16|3,3|12,36|36,12|82,47|69,15|90,1|
25	83,17|99,18|75,32|93,27|
26	42,27|38,31|6,11|
27	26,18|13,16|18,4|70,10|
28	17,20|82,36|74,4|29,3|60,40|85,18|
29	91,9|21,32|95,3|79,36|100,36|74,31|36,3|
30	55,7|60,39|74,5|2,23|19,33|54,13|83,41|56,18|
31	66,12|3,49|83,22|92,31|15,3|10,25|24,29|
32	87,49|100,26|68,29|37,2|60,6|2,10|92,42|52,9|49,3|1,9|41,36|54,32|58,15|79,15|78,33|
33	3,38|14,12|48,20|41,3|10,27|37,17|
34	70,12|2,48|91,26|85,3|44,23|66,26|
35	47,23|98,21|86,46|24,6|
36	89,32|77,30|58,46|
37	16,43|59,30|98,20|49,14|
38	80,45|70,42|88,18|43,12|
39	20,36|
40	67,16|39,5|59,35|1,14|43,30|21,4|13,47|6,32|85,35|
41	96,9|42,1|82,2|
42	79,12|78,24|12,27|30,3|
43	62,24|36,5|8,48|
44	97,44|80,35|1,48|52,12|5,35|41,3|37,36|
45	62,10|85,24|39,37|29,22|
46	65,13|75,39|55,48|48,25|17,9|85,34|57,45|
47	45,9|
48	51,12|57,44|88,1|16,48|19,1|23,47|1,32|3,41|93,31|70,23|49,44|15,19|
49	23,41|95,19|
50	11,25|55,23|65,36|80,34|42,14|14,6|
51	2,20|23,32|5,24|6,36|36,19|97,3|29,29|
52	46,4|17,3|72,16|18,48|
53	21,21|81,27|29,33|11,9|73,13|91,22|
54	88,32|81,42|86,33|15,11|43,5|70,32|3,3|
55	8,23|1,22|61,25|49,7|40,22|100,6|56,22|33,38|39,38|
56	42,27|48,34|10,45|22,10|8,15|
57	6,5|83,8|37,21|79,28|
58	22,14|90,43|4,2|
59	9,30|51,5|
60	50,49|56,1|5,22|27,17|89,46|9,25|55,21|45,4|68,49|23,20|
61	26,19|75,19|34,9|74,19|52,15|5,5|33,2|
62	50,32|19,37|60,24|88,28|57,33|
63	35,22|74,4|29,19|60,14|62,23|94,32|78,1|56,47|69,37|100,11|
64	4,20|47,39|67,25|25,19|
65	11,19|15,18|
66	92,6|100,29|41,25|81,3|10,1|34,24|89,9|49,2|
67	48,17|41,31|36,39|77,26|24,28|54,32|22,26|7,2|28,12|
68	75,27|97,8|85,26|41,5|37,1|34,26|10,33|54,30|1,47|57,46|81,33|50,9|
69	5,25|
70	54,4|66,20|
71	37,5|98,5|79,41|
72	83,1|51,26|32,34|18,7|21,20|70,34|63,6|7,25|
73	6,28|29,13|
74	16,36|33,15|9,45|73,23|
75	39,3|96,49|21,15|41,13|86,42|
76	54,24|18,8|78,7|
77	80,31|58,6|
78	47,17|68,5|51,5|73,29|
79	33,46|8,25|35,27|85,15|25,27|96,35|
80	77,12|94,44|47,12|44,39|95,40|64,37|43,38|17,43|39,36|91,2|
81	91,15|48,26|96,2|66,4|4,11|
82	81,28|22,31|33,37|16,2|
83	8,46|96,32|66,5|
84	54,28|73,32|88,26|34,18|48,47|64,12|53,2|
85	49,19|1,40|23,8|77,6|50,4|
86	6,48|88,32|
87	72,39|5,22|11,25|4,44|1,27|69,1|68,18|70,43|79,37|22,23|
88	4,41|93,44|82,17|81,19|
89	48,2|32,9|23,44|
90	13,9|43,41|27,16|14,35|89,49|4,46|60,6|
91	97,4|78,27|41,39|
92	6,7|19,9|98,16|54,36|13,31|
93	57,13|64,18|88,41|44,43|41,21|29,47|
94	84,47|37,42|
95	11,2|43,24|74,38|77,22|
96	63,11|
97	81,37|59,45|
98	44,3|71,12|36,8|58,48|39,45|72,34|
99	58,8|
100	72,43|22,5|85,41|89,1|56,8|45,9|35,10|33,6|14,21|
