1	87,11|161,1|59,36|
2	99,37|18,49|
3	106,45|128,25|191,25|65,18|193,29|149,7|
4	64,37|98,33|
5	163,43|177,9|86,9|
6	1,9|172,43|160,39|
7	95,38|
8	185,17|
9	129,23|200,39|145,31|14,34|
10	71,37|109,12|20,6|168,2|17,45|48,46|63,39|
11	151,1|87,34|
12	88,7|164,37|13,27|80,18|
13	137,21|36,12|85,49|162,39|
14	66,45|199,26|46,13|
15	48,28|87,9|
16	12,48|11,47|13,28|181,49|75,41|
17	152,5|33,1|29,42|136,19|175,16|163,16|
18	50,23|132,35|150,14|159,41|
19	108,19|38,28|
20	200,23|
21	186,7|180,32|
22	145,1|
23	69,19|
24	32,25|13,27|
25	183,26|
26	47,11|133,2|11,2|
27	149,5|
28	51,29|110,26|29,13|109,4|
29	38,1|31,32|
30	146,29|
31	19,32|43,13|160,42|
32	43,44|21,8|
33	64,11|132,1|71,13|
34	36,31|91,12|10,37|
35	167,36|88,40|27,32|
36	177,11|97,34|21,22|
37	46,38|170,41|
38	141,41|16,42|20,46|134,22|24,35|
39	155,33|109,19|
40	173,42|
41	71,46|119,49|166,16|149,35|
42	104,26|113,14|
43	9,37|1,11|165,6|
44	48,6|154,8|159,48|
45	120,36|
46	13,28|192,11|67,49|
47	131,13|186,12|
48	87,7|66,5|
49	39,22|
50	123,5|
51	107,39|9,10|135,3|174,24|149,49|
52	35,40|94,26|67,9|105,13|
53	166,20|48,27|
54	48,39|112,36|
55	199,37|196,18|100,14|80,16|1,15|105,8|
56	179,8|173,1|117,48|
57	138,2|1,46|180,17|41,28|147,6|
58	172,15|44,18|39,25|
59	62,24|147,9|54,27|
60	42,2|49,34|198,17|108,41|138,27|
61	178,37|68,36|93,21|138,8|195,14|
62	182,11|175,17|161,11|143,6|
63	7,43|181,32|87,2|
64	165,26|127,39|
65	163,23|
66	13,46|64,46|1,27|109,40|53,36|
67	93,26|
68	46,46|75,38|
69	121,43|38,42|158,16|
70	197,49|142,48|
71	162,45|
72	187,29|178,3|105,43|180,45|77,13|40,30|74,38|
73	156,12|152,7|
74	60,31|135,28|39,20|138,14|156,41|
75	192,40|80,41|147,3|144,24|
76	36,8|105,25|86,44|78,29|46,37|
77	184,8|155,44|85,1|146,25|131,39|4,23|48,14|
78	161,23|74,49|
79	133,21|38,9|67,24|186,36|6,35|
80	32,17|59,13|144,17|100,10|46,29|
81	190,41|86,18|117,39|
82	173,23|138,17|38,17|45,18|16,49|54,9|50,2|
83	58,16|186,20|31,30|182,15|146,28|
84	25,23|
85	149,23|
86	131,9|
87	46,12|196,15|83,32|166,38|82,41|
88	191,38|
89	54,5|86,3|197,48|
90	39,9|106,15|105,14|
91	62,14|82,45|25,31|
92	76,41|177,35|
93	31,41|49,48|
94	95,39|79,38|164,11|112,18|
95	71,15|60,26|179,28|
96	147,25|123,38|149,35|
97	193,15|173,22|84,42|
98	82,35|199,4|169,34|
99	114,11|198,1|195,17|67,48|45,17|117,25|
100	54,38|165,22|51,16|125,3|
101	63,44|8,15|
102	190,1|108,5|
103	95,49|179,37|
104	135,1|
105	152,2|182,7|48,15|
106	139,10|167,31|
107	50,46|108,7|18,10|189,20|46,21|39,13|
108	1,44|193,45|
109	128,19|187,35|38,7|
110	98,47|158,38|2,21|
111	7,23|124,35|53,3|91,13|
112	53,45|98,14|161,22|
113	116,31|94,30|
114	79,22|
115	145,42|68,18|
116	77,36|159,24|
117	130,9|98,47|
118	73,27|185,23|
119	139,41|7,29|29,24|127,21|177,40|102,29|110,47|
120	181,39|31,14|2,23|25,49|158,13|
121	86,6|21,48|2,28|
122	7,22|23,31|24,21|142,13|
123	158,4|20,20|
124	19,26|47,32|
125	139,43|
126	40,46|5,28|66,46|1,27|20,21|193,20|
127	136,19|159,28|120,5|177,33|
128	82,44|193,39|23,42|26,1|38,1|
129	127,6|63,9|113,48|144,16|1,35|
130	7,35|106,37|119,38|
131	82,6|120,33|156,35|103,21|
132	98,42|3,31|113,27|
133	1,1|7,17|
134	172,3|82,23|
135	127,17|65,28|169,28|33,31|11,41|
136	54,21|173,45|80,1|
137	187,32|74,30|54,27|
138	182,41|22,26|81,19|
139	167,22|7,42|87,27|
140	173,1|
141	110,3|
142	130,12|1,47|61,5|75,46|
143	5,37|43,21|18,11|96,49|
144	197,25|73,16|139,42|47,7|
145	24,12|
146	166,7|12,18|160,14|
147	154,17|97,43|95,26|23,22|186,38|73,4|
148	81,11|4,1|
149	86,2|173,21|130,19|
150	154,30|
151	91,6|62,41|40,6|149,22|
152	98,16|173,31|
153	180,29|
154	4,11|
155	53,4|157,38|
156	1,25|75,37|113,9|
157	179,44|192,9|92,44|
158	9,15|56,16|156,1|
159	179,44|126,44|28,21|143,14|92,2|123,28|63,42|
160	195,8|51,33|97,1|182,39|
161	119,5|
162	140,3|8,31|
163	53,31|
164	176,35|162,21|
165	95,13|111,49|29,49|25,20|3,41|
166	157,27|109,1|142,12|54,39|180,10|
167	98,13|197,3|194,21|190,27|
168	32,47|85,18|103,42|72,43|104,41|
169	26,32|
170	25,41|100,21|65,25|143,35|151,32|
171	196,8|
172	63,37|138,38|46,31|104,46|187,7|183,28|142,12|26,49|
173	84,46|138,2|
174	39,37|
175	41,42|
176	55,49|157,19|30,2|65,46|
177	26,18|164,34|156,12|197,44|
178	102,10|137,42|
179	11,29|145,49|
180	15,11|9,39|
181	62,48|100,21|38,14|122,6|
182	196,15|132,29|99,9|168,28|
183	31,1|30,9|92,11|144,41|
184	19,37|
185	95,26|51,37|
186	100,23|156,1|39,32|56,2|139,49|
187	136,27|
188	182,41|
189	82,41|85,9|119,13|
190	149,26|129,3|140,15|137,16|
191	93,49|62,19|4,14|
192	111,28|20,9|
193	138,30|16,49|183,10|32,13|20,15|101,12|41,9|
194	98,38|159,44|89,37|94,49|
195	160,19|
196	50,40|62,17|
197	86,14|64,31|80,4|
198	19,47|20,6|173,3|
199	88,5|69,10|174,37|33,14|
200	133,1|145,47|167,27|116,47|
